1409210003
1406210003
1401210052
1403210019
1401810109
1401810126
1402810065
1402810068
1402210006
1402210011
1402210057
1409210028
1405210003
1409210004
1409210013
1409210014
1409210015
1409210016
1409210017
1409210018
1409210021
1401210083
1401210084
1401210085
1401210086
1401210088
1401210089
1403210024
1403210027
1403210028
1403210032
1403210036
1406210001
1406210002
1406210006
1402210016
1402210018
1402210021
1402210022
1402210023
1402210030
1402210031
1402210033
1402210036
1402210037
1402210040
1402210042
1402210043
1401210003
1401210007
1401210008
1401210012
1401210015
1401210019
1401210021
1401210024
1401210025
1401210028
1401210030
1401210035
1401210038
1401210040
1401210042
1401210045
1401210046
1401210047
1401210049
1401210053
1401210056
1401210059
1401210066
1401210067
1401210072
1401210073
1401210074
1401210076
1403210006
1403210008
1403210010
1403210012
1403210002
1403210003
1403210016
1403210017
1401810099
1401810102
1401810103
1401810105
1401810107
1401810111
1401810112
1401810113
1401810114
1401810115
1401810116
1401810120
1401810127
1401810128
1401810132
1401810133
1401810134
1401810137
1402210054
1402810072
1402810074
1402810076
1402810077
1402810081
1402810083
1402810084
1402810086
1403810038
1403810041
1403810042
1403810045
1403810046
1403810053
1403810055
1403810056
1403810057
1403810059
1403810062
1403810063
1405810027
1405810028
1405810031
1405210008
1405210009
1405210010
1405210015
1405210016
1405210021
1405210023
1405210025
1405210001
1405210002
1402210049
1402210050
1402210051
1402210052
1402210048
1406210008
1402210007
1402210010
1402210053
1402210055
1402210056
1402210058
1409210009
1409210012
1401210092
1404210002
1404210006
1404210008
1404210009
1404210010
1409210029
1403210033
1403210035
1403210037
1403210018
